 
/home/ahmed/Desktop/pos/20160326_114039_001.jpg 1 1957 561 1469 1748
/home/ahmed/Desktop/pos/20160326_114039_002.jpg 1 1970 589 1456 1734
/home/ahmed/Desktop/pos/20160326_114039_003.jpg 1 1931 555 1481 1733
/home/ahmed/Desktop/pos/20160326_114039_004.jpg 1 1944 548 1495 1740
/home/ahmed/Desktop/pos/20160326_114039_005.jpg 1 1885 561 1541 1755
/home/ahmed/Desktop/pos/20160326_114039_006.jpg 1 1925 555 1514 1754
/home/ahmed/Desktop/pos/20160326_114039_007.jpg 1 1918 596 1475 1706
/home/ahmed/Desktop/pos/20160326_114039_008.jpg 1 1912 609 1487 1666
/home/ahmed/Desktop/pos/20160326_114039_009.jpg 1 1912 623 1487 1638
/home/ahmed/Desktop/pos/20160326_114039_010.jpg 1 1885 616 1514 1672
/home/ahmed/Desktop/pos/20160326_114039_011.jpg 1 1905 609 1468 1700
/home/ahmed/Desktop/pos/20160326_114039_012.jpg 1 1885 630 1495 1686
/home/ahmed/Desktop/pos/20160326_114039_013.jpg 1 1912 651 1468 1644
/home/ahmed/Desktop/pos/20160326_114039_014.jpg 1 1899 609 1487 1721
/home/ahmed/Desktop/pos/20160326_114039_015.jpg 1 1859 623 1573 1645
/home/ahmed/Desktop/pos/20160326_114039_016.jpg 1 1853 616 1566 1714
/home/ahmed/Desktop/pos/20160326_114039_017.jpg 1 1853 623 1573 1720
/home/ahmed/Desktop/pos/20160326_114039_018.jpg 1 1840 657 1559 1686
/home/ahmed/Desktop/pos/20160326_114039_019.jpg 1 1905 609 1468 1734
/home/ahmed/Desktop/pos/20160326_114039_020.jpg 1 1892 651 1462 1720
/home/ahmed/Desktop/pos/20160326_114039_021.jpg 1 1892 671 1468 1686
/home/ahmed/Desktop/pos/20160326_114039_022.jpg 1 1892 644 1494 1713
/home/ahmed/Desktop/pos/20160326_114039_023.jpg 1 1899 671 1494 1693
/home/ahmed/Desktop/pos/20160326_114039_024.jpg 1 1892 671 1501 1686
/home/ahmed/Desktop/pos/20160326_114039_025.jpg 1 1866 685 1501 1679
/home/ahmed/Desktop/pos/20160326_114039_026.jpg 1 1827 644 1579 1734
/home/ahmed/Desktop/pos/20160326_114039_027.jpg 1 1872 664 1547 1707
/home/ahmed/Desktop/pos/20160326_114039_028.jpg 1 1892 671 1488 1713
/home/ahmed/Desktop/pos/20160326_114152_001.jpg 1 1546 548 1866 1946
/home/ahmed/Desktop/pos/20160326_114152_002.jpg 1 1579 664 1899 1789
/home/ahmed/Desktop/pos/20160326_114152_004.jpg 1 1618 507 1768 2001
/home/ahmed/Desktop/pos/20160326_114152_005.jpg 1 1637 582 1808 1953
/home/ahmed/Desktop/pos/20160326_114152_006.jpg 1 1624 603 1802 1918
/home/ahmed/Desktop/pos/20160326_114152_007.jpg 1 1664 616 1703 1926
/home/ahmed/Desktop/pos/20160326_114152_008.jpg 1 1683 596 1716 1891
/home/ahmed/Desktop/pos/20160326_114152_009.jpg 1 1703 637 1729 1898
/home/ahmed/Desktop/pos/20160326_114152_010.jpg 1 1664 568 1703 1974
/home/ahmed/Desktop/pos/20160326_114152_011.jpg 1 1683 657 1677 1912
/home/ahmed/Desktop/pos/20160326_114152_012.jpg 1 1664 623 1729 1946
/home/ahmed/Desktop/pos/20160326_114152_013.jpg 1 1664 623 1748 1946
/home/ahmed/Desktop/pos/20160326_114152_014.jpg 1 1703 623 1716 2001
/home/ahmed/Desktop/pos/20160326_114152_015.jpg 1 1683 678 1736 1946
/home/ahmed/Desktop/pos/20160326_114152_016.jpg 1 1735 678 1691 1919
/home/ahmed/Desktop/pos/20160326_114152_017.jpg 1 1683 596 1827 2035
/home/ahmed/Desktop/pos/20160326_114152_018.jpg 1 1729 623 1644 2015
/home/ahmed/Desktop/pos/20160326_114152_019.jpg 1 1572 657 1788 1947
/home/ahmed/Desktop/pos/20160326_114152_020.jpg 1 1683 637 1710 1946
/home/ahmed/Desktop/pos/20160326_114152_021.jpg 1 1690 644 1716 1967
/home/ahmed/Desktop/pos/20160326_114152_022.jpg 1 1683 582 1723 2022
/home/ahmed/Desktop/pos/20160326_114152_023.jpg 1 1683 609 1710 1995
/home/ahmed/Desktop/pos/20160326_114152_024.jpg 1 1670 609 1723 2002
/home/ahmed/Desktop/pos/20160326_114152_025.jpg 1 1683 582 1729 2015
/home/ahmed/Desktop/pos/20160326_114152_026.jpg 1 1657 603 1755 2001
/home/ahmed/Desktop/pos/20160326_114152_027.jpg 1 1651 623 1722 2036
/home/ahmed/Desktop/pos/20160326_114152_028.jpg 1 1690 623 1683 2022
/home/ahmed/Desktop/pos/20160326_114152_029.jpg 1 1624 644 1762 1946
/home/ahmed/Desktop/pos/20160326_114152_030.jpg 1 1598 616 1801 2015
/home/ahmed/Desktop/pos/20160326_114211_001.jpg 1 2062 918 1292 1220
/home/ahmed/Desktop/pos/20160326_114211_002.jpg 1 2101 938 1220 1207
/home/ahmed/Desktop/pos/20160326_114211_003.jpg 1 2107 877 1201 1274
/home/ahmed/Desktop/pos/20160326_114230_015.jpg 1 2336 685 1546 1480
/home/ahmed/Desktop/pos/20160326_114230_016.jpg 1 2492 609 1436 1508
/home/ahmed/Desktop/pos/20160326_114230_017.jpg 1 2368 541 1619 1528
/home/ahmed/Desktop/pos/20160326_114230_018.jpg 1 2401 486 1658 1521
/home/ahmed/Desktop/pos/20160326_114230_019.jpg 1 2492 404 1567 1569
/home/ahmed/Desktop/pos/20160326_114230_020.jpg 1 2558 404 1494 1453
/home/ahmed/Desktop/pos/20160326_114230_021.jpg 1 2532 411 1579 1501
/home/ahmed/Desktop/pos/20160326_114230_022.jpg 1 2551 438 1540 1515
/home/ahmed/Desktop/pos/20160326_114230_023.jpg 1 2525 513 1579 1508
/home/ahmed/Desktop/pos/20160326_114230_024.jpg 1 2545 520 1540 1474
/home/ahmed/Desktop/pos/20160326_114230_025.jpg 1 2505 541 1540 1439
/home/ahmed/Desktop/pos/20160326_114230_026.jpg 1 2479 582 1553 1371
/home/ahmed/Desktop/pos/20160326_114230_027.jpg 1 2421 466 1644 1473
/home/ahmed/Desktop/pos/20160326_114230_028.jpg 1 2434 500 1566 1466
/home/ahmed/Desktop/pos/20160326_114230_029.jpg 1 2440 548 1508 1453
/home/ahmed/Desktop/pos/20160326_114230_030.jpg 1 2388 657 1534 1433
/home/ahmed/Desktop/pos/20160326_114240_002.jpg 1 1514 5 2804 2622
/home/ahmed/Desktop/pos/20160326_114240_003.jpg 1 1599 5 2707 2564
/home/ahmed/Desktop/pos/20160326_114240_004.jpg 1 1574 17 2617 2529
/home/ahmed/Desktop/pos/20160326_114240_005.jpg 1 1562 5 2617 2581
/home/ahmed/Desktop/pos/20160326_114240_006.jpg 1 1574 5 2575 2640
/home/ahmed/Desktop/pos/20160326_114240_007.jpg 1 1617 5 2647 2709
/home/ahmed/Desktop/pos/20160326_114240_008.jpg 1 1641 17 2556 2633
/home/ahmed/Desktop/pos/20160326_114240_009.jpg 1 1508 11 2707 2639
/home/ahmed/Desktop/pos/20160326_114240_010.jpg 1 1605 17 2647 2738
/home/ahmed/Desktop/pos/20160326_114240_012.jpg 1 1544 87 2635 2749
/home/ahmed/Desktop/pos/20160326_114240_013.jpg 1 1514 249 2641 2570
/home/ahmed/Desktop/pos/20160326_114240_014.jpg 1 1550 279 2744 2656
/home/ahmed/Desktop/pos/20160326_114240_015.jpg 1 1562 133 2732 2825
/home/ahmed/Desktop/pos/20160326_114240_016.jpg 1 1695 325 2738 2633
/home/ahmed/Desktop/pos/20160326_114240_017.jpg 1 1689 435 2732 2547
/home/ahmed/Desktop/pos/20160326_114240_018.jpg 1 1744 395 2677 2587
/home/ahmed/Desktop/pos/20160326_114240_019.jpg 1 1744 395 2804 2552
/home/ahmed/Desktop/pos/20160326_114240_020.jpg 1 1792 145 2762 2749
/home/ahmed/Desktop/pos/20160326_114240_021.jpg 1 1677 11 2920 2889
/home/ahmed/Desktop/pos/20160326_114240_022.jpg 1 1653 5 2823 2860
/home/ahmed/Desktop/pos/20160326_114240_023.jpg 1 1586 34 2908 2878
/home/ahmed/Desktop/pos/20160326_114240_024.jpg 1 1702 34 2798 2895
/home/ahmed/Desktop/pos/20160326_114240_025.jpg 1 1756 63 2847 2901
/home/ahmed/Desktop/pos/20160326_114240_026.jpg 1 1804 110 2835 2860
/home/ahmed/Desktop/pos/20160326_114240_027.jpg 1 1774 93 2847 2883
/home/ahmed/Desktop/pos/20160326_114240_028.jpg 1 1762 255 2871 2721
/home/ahmed/Desktop/pos/20160326_114240_029.jpg 1 1756 441 2950 2529
/home/ahmed/Desktop/pos/20160326_114240_030.jpg 1 1714 366 3046 2604
/home/ahmed/Desktop/pos/20160326_114310_001.jpg 1 1889 656 1581 1407
/home/ahmed/Desktop/pos/20160326_114310_002.jpg 1 1871 674 1563 1476
/home/ahmed/Desktop/pos/20160326_114310_003.jpg 1 1877 738 1605 1447
/home/ahmed/Desktop/pos/20160326_114310_004.jpg 1 1871 738 1514 1360
/home/ahmed/Desktop/pos/20160326_114310_005.jpg 1 1871 563 1587 1622
/home/ahmed/Desktop/pos/20160326_114310_006.jpg 1 1926 691 1526 1390
/home/ahmed/Desktop/pos/20160326_114310_007.jpg 1 1926 598 1574 1494
/home/ahmed/Desktop/pos/20160326_114310_008.jpg 1 1889 639 1660 1447
/home/ahmed/Desktop/pos/20160326_114310_009.jpg 1 1974 685 1569 1431
/home/ahmed/Desktop/pos/20160326_114310_010.jpg 1 1992 674 1587 1459
/home/ahmed/Desktop/pos/20160326_114310_012.jpg 1 1914 680 1738 1441
/home/ahmed/Desktop/pos/20160326_114310_013.jpg 1 2010 668 1636 1482
/home/ahmed/Desktop/pos/20160326_114310_014.jpg 1 2029 610 1599 1511
/home/ahmed/Desktop/pos/20160326_114310_015.jpg 1 2047 552 1665 1523
/home/ahmed/Desktop/pos/20160326_114310_016.jpg 1 1968 523 1787 1593
/home/ahmed/Desktop/pos/20160326_114310_017.jpg 1 2010 534 1805 1547
/home/ahmed/Desktop/pos/20160326_114310_018.jpg 1 2029 546 1853 1610
/home/ahmed/Desktop/pos/20160326_114310_019.jpg 1 1992 575 1799 1575
/home/ahmed/Desktop/pos/20160326_114310_020.jpg 1 2004 604 1781 1564
/home/ahmed/Desktop/pos/20160326_114310_021.jpg 1 2004 598 1836 1657
/home/ahmed/Desktop/pos/20160326_114310_022.jpg 1 2059 656 1872 1675
/home/ahmed/Desktop/pos/20160326_114310_023.jpg 1 1980 755 1920 1581
/home/ahmed/Desktop/pos/20160326_114310_024.jpg 1 1992 720 1896 1564
/home/ahmed/Desktop/pos/20160326_114310_025.jpg 1 2023 592 1914 1721
/home/ahmed/Desktop/pos/20160326_114310_026.jpg 1 2047 558 1799 1592
/home/ahmed/Desktop/pos/20160326_114310_027.jpg 1 1980 552 1969 1633
/home/ahmed/Desktop/pos/20160326_114310_028.jpg 1 1968 587 1878 1592
/home/ahmed/Desktop/pos/20160326_114310_029.jpg 1 2053 534 1914 1686
/home/ahmed/Desktop/pos/20160326_114310_030.jpg 1 2053 569 1878 1663
/home/ahmed/Desktop/pos/20160326_114318.jpg 1 454 348 2011 2070
/home/ahmed/Desktop/pos/20160326_114320.jpg 1 423 232 2060 2058
/home/ahmed/Desktop/pos/20160326_114323_001.jpg 1 290 46 2150 2226
/home/ahmed/Desktop/pos/20160326_114323_002.jpg 1 502 40 1920 2203
/home/ahmed/Desktop/pos/20160326_114323_003.jpg 1 393 23 2126 2261
/home/ahmed/Desktop/pos/20160326_114323_004.jpg 1 430 17 2023 2151
/home/ahmed/Desktop/pos/20160326_114323_005.jpg 1 448 23 2071 2232
/home/ahmed/Desktop/pos/20160326_114323_006.jpg 1 448 11 2150 2174
/home/ahmed/Desktop/pos/20160326_114323_007.jpg 1 526 17 2060 2122
/home/ahmed/Desktop/pos/20160326_114323_008.jpg 1 490 23 2241 2302
/home/ahmed/Desktop/pos/20160326_114323_009.jpg 1 484 11 2205 2337
/home/ahmed/Desktop/pos/20160326_114323_010.jpg 1 448 23 2241 2453
/home/ahmed/Desktop/pos/20160326_114323_011.jpg 1 569 46 2186 2558
/home/ahmed/Desktop/pos/20160326_114323_012.jpg 1 629 191 2084 2454
/home/ahmed/Desktop/pos/20160326_114323_013.jpg 1 684 313 2102 2239
/home/ahmed/Desktop/pos/20160326_114323_014.jpg 1 623 383 2254 2413
/home/ahmed/Desktop/pos/20160326_114323_015.jpg 1 702 412 2199 2401
/home/ahmed/Desktop/pos/20160326_114323_016.jpg 1 738 308 2187 2406
/home/ahmed/Desktop/pos/20160326_114323_017.jpg 1 605 110 2405 2517
/home/ahmed/Desktop/pos/20160326_114323_018.jpg 1 648 29 2289 2499
/home/ahmed/Desktop/pos/20160326_114323_019.jpg 1 654 11 2350 2418
/home/ahmed/Desktop/pos/20160326_114323_020.jpg 1 533 23 2368 2465
/home/ahmed/Desktop/pos/20160326_114323_021.jpg 1 490 23 2471 2494
/home/ahmed/Desktop/pos/20160326_114323_022.jpg 1 587 75 2399 2442
/home/ahmed/Desktop/pos/20160326_114323_023.jpg 1 436 151 2453 2645
/home/ahmed/Desktop/pos/20160326_114323_027.jpg 1 672 825 2604 2139
/home/ahmed/Desktop/pos/20160326_114323_028.jpg 1 490 825 2586 2151
/home/ahmed/Desktop/pos/20160326_114323_029.jpg 1 466 854 2641 2087
/home/ahmed/Desktop/pos/20160326_114323_030.jpg 1 520 808 2435 2116
/home/ahmed/Desktop/pos/20160326_114338_001.jpg 1 635 87 2672 2790
/home/ahmed/Desktop/pos/20160326_114338_002.jpg 1 611 110 2690 2779
/home/ahmed/Desktop/pos/20160326_114338_003.jpg 1 526 139 2756 2802
/home/ahmed/Desktop/pos/20160326_114338_004.jpg 1 569 104 2750 2767
/home/ahmed/Desktop/pos/20160326_114338_005.jpg 1 623 133 2672 2680
/home/ahmed/Desktop/pos/20160326_114338_006.jpg 1 684 168 2665 2744
/home/ahmed/Desktop/pos/20160326_114338_007.jpg 1 648 156 2701 2692
/home/ahmed/Desktop/pos/20160326_114338_008.jpg 1 738 215 2666 2726
/home/ahmed/Desktop/pos/20160326_114338_009.jpg 1 708 168 2726 2663
/home/ahmed/Desktop/pos/20160326_114338_010.jpg 1 617 133 2835 2767
/home/ahmed/Desktop/pos/20160326_114338_011.jpg 1 605 133 2883 2738
/home/ahmed/Desktop/pos/20160326_114338_012.jpg 1 605 203 2956 2726
/home/ahmed/Desktop/pos/20160326_114338_013.jpg 1 672 191 2762 2756
/home/ahmed/Desktop/pos/20160326_114338_014.jpg 1 611 226 2920 2732
/home/ahmed/Desktop/pos/20160326_114338_015.jpg 1 623 209 2871 2773
/home/ahmed/Desktop/pos/20160326_114338_016.jpg 1 623 69 2859 2866
/home/ahmed/Desktop/pos/20160326_114338_017.jpg 1 587 29 2968 2889
/home/ahmed/Desktop/pos/20160326_114338_018.jpg 1 684 23 2835 2744
/home/ahmed/Desktop/pos/20160326_114338_019.jpg 1 708 5 2938 2703
/home/ahmed/Desktop/pos/20160326_114338_020.jpg 1 835 81 2884 2796
/home/ahmed/Desktop/pos/20160326_114338_021.jpg 1 860 122 2865 2836
/home/ahmed/Desktop/pos/20160326_114338_022.jpg 1 654 197 2895 2756
/home/ahmed/Desktop/pos/20160326_114338_023.jpg 1 738 279 2847 2633
/home/ahmed/Desktop/pos/20160326_114338_024.jpg 1 775 418 2756 2529
/home/ahmed/Desktop/pos/20160326_114338_026.jpg 1 732 517 2877 2436
/home/ahmed/Desktop/pos/20160326_114338_027.jpg 1 902 581 2780 2395
/home/ahmed/Desktop/pos/20160326_114338_028.jpg 1 920 796 2768 2151
/home/ahmed/Desktop/pos/20160326_114338_029.jpg 1 1035 697 2744 2273
/home/ahmed/Desktop/pos/20160326_114338_030.jpg 1 1193 726 2804 2232
/home/ahmed/Desktop/pos/20160326_114406_001.jpg 1 2047 546 1877 1622
/home/ahmed/Desktop/pos/20160326_114406_002.jpg 1 2059 575 1756 1639
/home/ahmed/Desktop/pos/20160326_114406_003.jpg 1 1895 529 1933 1633
/home/ahmed/Desktop/pos/20160326_114406_004.jpg 1 1974 558 2011 1732
/home/ahmed/Desktop/pos/20160326_114406_005.jpg 1 1901 616 2005 1610
/home/ahmed/Desktop/pos/20160326_114406_006.jpg 1 1780 563 2035 1663
/home/ahmed/Desktop/pos/20160326_114406_007.jpg 1 1926 540 1817 1651
/home/ahmed/Desktop/pos/20160326_114406_008.jpg 1 1829 499 1938 1727
/home/ahmed/Desktop/pos/20160326_114406_009.jpg 1 1932 494 1811 1610
/home/ahmed/Desktop/pos/20160326_114406_010.jpg 1 1956 476 1720 1552
/home/ahmed/Desktop/pos/20160326_114406_011.jpg 1 1956 488 1696 1517
/home/ahmed/Desktop/pos/20160326_114406_012.jpg 1 1926 389 1823 1639
/home/ahmed/Desktop/pos/20160326_114410_001.jpg 1 2138 691 1429 1698
/home/ahmed/Desktop/pos/20160326_114410_002.jpg 1 1980 703 1732 1692
/home/ahmed/Desktop/pos/20160326_114410_003.jpg 1 2053 749 1593 1535
/home/ahmed/Desktop/pos/20160326_114410_004.jpg 1 1998 720 1678 1605
/home/ahmed/Desktop/pos/20160326_114410_005.jpg 1 2047 744 1611 1528
/home/ahmed/Desktop/pos/20160326_114410_006.jpg 1 1998 651 1702 1645
/home/ahmed/Desktop/pos/20160326_114410_007.jpg 1 2113 662 1593 1703
/home/ahmed/Desktop/pos/20160326_114410_008.jpg 1 2089 668 1599 1628
/home/ahmed/Desktop/pos/20160326_114410_009.jpg 1 2168 674 1508 1616
/home/ahmed/Desktop/pos/20160326_114410_010.jpg 1 2107 668 1545 1575
/home/ahmed/Desktop/pos/20160326_114410_011.jpg 1 2132 703 1574 1546
/home/ahmed/Desktop/pos/20160326_114410_012.jpg 1 2132 703 1611 1540
/home/ahmed/Desktop/pos/20160326_114410_013.jpg 1 2107 656 1587 1611
/home/ahmed/Desktop/pos/20160326_114410_014.jpg 1 2065 697 1611 1610
/home/ahmed/Desktop/pos/20160326_114410_015.jpg 1 2035 668 1690 1645
/home/ahmed/Desktop/pos/20160326_114410_016.jpg 1 1986 610 1769 1680
/home/ahmed/Desktop/pos/20160326_114410_017.jpg 1 2023 622 1756 1656
/home/ahmed/Desktop/pos/20160326_114410_018.jpg 1 1938 581 1756 1587
/home/ahmed/Desktop/pos/20160326_114410_019.jpg 1 1938 453 1781 1721
/home/ahmed/Desktop/pos/20160326_114410_020.jpg 1 2083 360 1690 1825
/home/ahmed/Desktop/pos/20160326_114410_021.jpg 1 2168 447 1781 1732
/home/ahmed/Desktop/pos/20160326_114410_022.jpg 1 2150 290 1823 1843
/home/ahmed/Desktop/pos/20160326_114410_023.jpg 1 2271 418 1672 1692
/home/ahmed/Desktop/pos/20160326_114410_024.jpg 1 2150 331 1768 1715
/home/ahmed/Desktop/pos/20160326_114410_025.jpg 1 2101 377 1860 1675
/home/ahmed/Desktop/pos/20160326_114410_026.jpg 1 2010 441 1914 1628
/home/ahmed/Desktop/pos/20160326_114410_027.jpg 1 2023 517 1901 1616
/home/ahmed/Desktop/pos/20160326_114410_028.jpg 1 2041 587 1853 1610
/home/ahmed/Desktop/pos/20160326_114410_029.jpg 1 2065 633 1853 1639
/home/ahmed/Desktop/pos/20160326_114410_030.jpg 1 2010 645 2023 1674
/home/ahmed/Desktop/pos/20160326_114418_001.jpg 1 1623 587 1653 1587
/home/ahmed/Desktop/pos/20160326_114418_002.jpg 1 1683 529 1581 1662
/home/ahmed/Desktop/pos/20160326_114418_003.jpg 1 1708 558 1599 1569
/home/ahmed/Desktop/pos/20160326_114418_004.jpg 1 1647 563 1672 1570
/home/ahmed/Desktop/pos/20160326_114418_005.jpg 1 1671 540 1684 1587
/home/ahmed/Desktop/pos/20160326_114418_006.jpg 1 1617 552 1708 1517
/home/ahmed/Desktop/pos/20160326_114418_007.jpg 1 1562 494 1684 1558
/home/ahmed/Desktop/pos/20160326_114418_008.jpg 1 1592 505 1654 1541
/home/ahmed/Desktop/pos/20160326_114418_009.jpg 1 1532 505 1708 1558
/home/ahmed/Desktop/pos/20160326_114418_010.jpg 1 1447 569 1738 1523
/home/ahmed/Desktop/pos/20160326_114418_011.jpg 1 1344 639 1890 1459
/home/ahmed/Desktop/pos/20160326_114418_012.jpg 1 1393 592 1738 1675
/home/ahmed/Desktop/pos/20160326_114418_013.jpg 1 1387 627 1829 1587
/home/ahmed/Desktop/pos/20160326_114418_014.jpg 1 1380 587 1890 1656
/home/ahmed/Desktop/pos/20160326_114418_015.jpg 1 1393 552 1889 1761
/home/ahmed/Desktop/pos/20160326_114418_016.jpg 1 1405 627 1902 1605
/home/ahmed/Desktop/pos/20160326_114418_017.jpg 1 1423 598 1902 1552
/home/ahmed/Desktop/pos/20160326_114418_018.jpg 1 1483 581 1896 1616
/home/ahmed/Desktop/pos/20160326_114418_019.jpg 1 1629 575 1799 1599
/home/ahmed/Desktop/pos/20160326_114418_020.jpg 1 1605 488 1847 1691
/home/ahmed/Desktop/pos/20160326_114418_021.jpg 1 1641 482 1793 1628
/home/ahmed/Desktop/pos/20160326_114418_022.jpg 1 1671 430 1878 1645
/home/ahmed/Desktop/pos/20160326_114418_023.jpg 1 1683 511 1908 1628
/home/ahmed/Desktop/pos/20160326_114418_024.jpg 1 1702 482 1817 1692
/home/ahmed/Desktop/pos/20160326_114418_025.jpg 1 1708 563 1889 1773
/home/ahmed/Desktop/pos/20160326_114418_026.jpg 1 1738 592 1823 1535
/home/ahmed/Desktop/pos/20160326_114418_027.jpg 1 1786 558 1751 1610
/home/ahmed/Desktop/pos/20160326_114418_028.jpg 1 1714 604 1811 1628
/home/ahmed/Desktop/pos/20160326_114418_029.jpg 1 1726 622 1787 1598
/home/ahmed/Desktop/pos/20160326_114418_030.jpg 1 1786 627 1745 1582
/home/ahmed/Desktop/pos/20160326_114430_001.jpg 1 2495 755 1866 1471
/home/ahmed/Desktop/pos/20160326_114430_002.jpg 1 2562 703 1865 1610
/home/ahmed/Desktop/pos/20160326_114430_003.jpg 1 2580 715 1811 1563
/home/ahmed/Desktop/pos/20160326_114430_004.jpg 1 2531 691 1860 1576
/home/ahmed/Desktop/pos/20160326_114430_005.jpg 1 2537 639 1969 1802
/home/ahmed/Desktop/pos/20160326_114430_006.jpg 1 2652 709 1793 1540
/home/ahmed/Desktop/pos/20160326_114430_007.jpg 1 2556 633 1932 1651
/home/ahmed/Desktop/pos/20160326_114430_008.jpg 1 2556 668 1847 1674
/home/ahmed/Desktop/pos/20160326_114430_009.jpg 1 2562 622 1835 1662
/home/ahmed/Desktop/pos/20160326_114430_010.jpg 1 2543 622 1914 1685
/home/ahmed/Desktop/pos/20160326_114430_011.jpg 1 2543 680 1951 1598
/home/ahmed/Desktop/pos/20160326_114430_012.jpg 1 2574 685 1859 1477
/home/ahmed/Desktop/pos/20160326_114430_013.jpg 1 2537 598 1793 1512
/home/ahmed/Desktop/pos/20160326_114430_014.jpg 1 2616 511 1745 1657
/home/ahmed/Desktop/pos/20160326_114430_015.jpg 1 2574 552 1768 1488
/home/ahmed/Desktop/pos/20160326_114430_016.jpg 1 2507 546 1829 1575
/home/ahmed/Desktop/pos/20160326_114430_017.jpg 1 2513 575 1714 1599
/home/ahmed/Desktop/pos/20160326_114430_018.jpg 1 2586 563 1575 1570
/home/ahmed/Desktop/pos/20160326_114430_019.jpg 1 2622 488 1557 1703
/home/ahmed/Desktop/pos/20160326_114430_020.jpg 1 2556 482 1689 1645
/home/ahmed/Desktop/pos/20160326_114430_021.jpg 1 2392 424 1805 1668
/home/ahmed/Desktop/pos/20160326_114430_022.jpg 1 2495 366 1696 1622
/home/ahmed/Desktop/pos/20160326_114430_023.jpg 1 2543 441 1612 1547
/home/ahmed/Desktop/pos/20160326_114430_025.jpg 1 2416 610 1745 1442
/home/ahmed/Desktop/pos/20160326_114430_026.jpg 1 2356 488 1847 1569
/home/ahmed/Desktop/pos/20160326_114430_027.jpg 1 2471 651 1714 1383
/home/ahmed/Desktop/pos/20160326_114430_028.jpg 1 2519 616 1696 1505
/home/ahmed/Desktop/pos/20160326_114430_029.jpg 1 2568 598 1708 1558
/home/ahmed/Desktop/pos/20160326_114430_030.jpg 1 2531 616 1721 1604
/home/ahmed/Desktop/pos/20160326_114539_001.jpg 1 1399 255 2198 2198
/home/ahmed/Desktop/pos/20160326_114539_002.jpg 1 1483 284 2236 2145
/home/ahmed/Desktop/pos/20160326_114539_003.jpg 1 1465 273 2260 2156
/home/ahmed/Desktop/pos/20160326_114539_004.jpg 1 1496 366 2265 2092
/home/ahmed/Desktop/pos/20160326_114539_005.jpg 1 1399 372 2386 2156
/home/ahmed/Desktop/pos/20160326_114539_006.jpg 1 1411 453 2380 2093
/home/ahmed/Desktop/pos/20160326_114539_011.jpg 1 1338 459 2477 2261
/home/ahmed/Desktop/pos/20160326_114539_012.jpg 1 1380 505 2441 2209
/home/ahmed/Desktop/pos/20160326_114539_013.jpg 1 1326 499 2471 2163
/home/ahmed/Desktop/pos/20160326_114539_014.jpg 1 1350 540 2556 2116
/home/ahmed/Desktop/pos/20160326_114539_015.jpg 1 1344 447 2477 2198
/home/ahmed/Desktop/pos/20160326_114539_016.jpg 1 1241 482 2635 2180
/home/ahmed/Desktop/pos/20160326_114539_017.jpg 1 1278 430 2537 2220
/home/ahmed/Desktop/pos/20160326_114539_018.jpg 1 1235 424 2568 2157
/home/ahmed/Desktop/pos/20160326_114539_019.jpg 1 1211 395 2417 2151
/home/ahmed/Desktop/pos/20160326_114539_020.jpg 1 1175 348 2428 2209
/home/ahmed/Desktop/pos/20160326_114539_021.jpg 1 1265 499 2344 2070
/home/ahmed/Desktop/pos/20160326_114539_022.jpg 1 1399 511 2283 2075
/home/ahmed/Desktop/pos/20160326_114539_023.jpg 1 1471 505 2357 2145
/home/ahmed/Desktop/pos/20160326_114539_025.jpg 1 1599 255 2362 2244
/home/ahmed/Desktop/pos/20160326_114539_027.jpg 1 1423 296 2405 2296
/home/ahmed/Desktop/pos/20160326_114539_028.jpg 1 1332 465 2429 2214
/home/ahmed/Desktop/pos/20160326_114539_029.jpg 1 1290 517 2435 2162
/home/ahmed/Desktop/pos/20160326_114539_030.jpg 1 1393 563 2362 2134
/home/ahmed/Desktop/pos/20160326_114546_002.jpg 1 1726 75 2701 2570
/home/ahmed/Desktop/pos/20160326_114546_003.jpg 1 1708 122 2253 2540
/home/ahmed/Desktop/pos/20160326_114546_004.jpg 1 1786 110 2581 2697
/home/ahmed/Desktop/pos/20160326_114546_005.jpg 1 1702 87 2604 2499
/home/ahmed/Desktop/pos/20160326_114546_006.jpg 1 1641 75 2574 2453
/home/ahmed/Desktop/pos/20160326_114546_013.jpg 1 1368 58 2823 2627
/home/ahmed/Desktop/pos/20160326_114546_014.jpg 1 1332 52 2865 2691
/home/ahmed/Desktop/pos/20160326_114546_015.jpg 1 1380 87 2926 2598
/home/ahmed/Desktop/pos/20160326_114546_016.jpg 1 1338 156 2968 2582
/home/ahmed/Desktop/pos/20160326_114546_017.jpg 1 1411 168 2865 2639
/home/ahmed/Desktop/pos/20160326_114546_018.jpg 1 1223 197 2889 2570
/home/ahmed/Desktop/pos/20160326_114546_019.jpg 1 1211 145 2931 2558
/home/ahmed/Desktop/pos/20160326_114546_020.jpg 1 1035 203 2793 2564
/home/ahmed/Desktop/pos/20160326_114546_021.jpg 1 981 191 2756 2599
/home/ahmed/Desktop/pos/20160326_114546_022.jpg 1 987 93 2695 2610
/home/ahmed/Desktop/pos/20160326_114546_023.jpg 1 1023 29 2811 2714
/home/ahmed/Desktop/pos/20160326_114546_024.jpg 1 1047 29 2762 2656
/home/ahmed/Desktop/pos/20160326_114546_025.jpg 1 1090 40 2768 2575
/home/ahmed/Desktop/pos/20160326_114546_026.jpg 1 1199 104 2629 2494
/home/ahmed/Desktop/pos/20160326_114546_027.jpg 1 1066 17 2604 2308
/home/ahmed/Desktop/pos/20160326_114546_028.jpg 1 1090 11 2962 2511
/home/ahmed/Desktop/pos/20160326_114546_029.jpg 1 1096 11 2853 2331
/home/ahmed/Desktop/pos/20160326_114546_030.jpg 1 1090 11 2816 2354
/home/ahmed/Desktop/pos/20160326_114621_001.jpg 1 2192 674 1920 1779
/home/ahmed/Desktop/pos/20160326_114621_002.jpg 1 2192 697 1884 1761
/home/ahmed/Desktop/pos/20160326_114621_003.jpg 1 2089 622 1975 1807
/home/ahmed/Desktop/pos/20160326_114621_004.jpg 1 2077 581 1993 1877
/home/ahmed/Desktop/pos/20160326_114621_005.jpg 1 2065 552 1999 1906
/home/ahmed/Desktop/pos/20160326_114621_006.jpg 1 1950 511 2199 1930
/home/ahmed/Desktop/pos/20160326_114621_007.jpg 1 1986 546 2114 1907
/home/ahmed/Desktop/pos/20160326_114621_008.jpg 1 2041 558 1926 1848
/home/ahmed/Desktop/pos/20160326_114621_009.jpg 1 1962 569 2011 1872
/home/ahmed/Desktop/pos/20160326_114621_010.jpg 1 1956 645 1999 1773
/home/ahmed/Desktop/pos/20160326_114621_011.jpg 1 1986 639 2017 1849
/home/ahmed/Desktop/pos/20160326_114621_012.jpg 1 2010 662 1908 1785
/home/ahmed/Desktop/pos/20160326_114621_013.jpg 1 1986 499 1975 1907
/home/ahmed/Desktop/pos/20160326_114621_014.jpg 1 1980 587 1993 1796
/home/ahmed/Desktop/pos/20160326_114621_015.jpg 1 2029 645 1889 1709
/home/ahmed/Desktop/pos/20160326_114621_016.jpg 1 2126 598 1792 1657
/home/ahmed/Desktop/pos/20160326_114621_017.jpg 1 2095 540 1848 1773
/home/ahmed/Desktop/pos/20160326_114621_018.jpg 1 2077 540 1920 1744
/home/ahmed/Desktop/pos/20160326_114621_019.jpg 1 2107 540 1957 1767
/home/ahmed/Desktop/pos/20160326_114621_020.jpg 1 2144 569 1793 1762
/home/ahmed/Desktop/pos/20160326_114621_021.jpg 1 2065 598 1993 1738
/home/ahmed/Desktop/pos/20160326_114621_022.jpg 1 2126 552 1907 1779
/home/ahmed/Desktop/pos/20160326_114621_023.jpg 1 2004 598 2023 1756
/home/ahmed/Desktop/pos/20160326_114621_024.jpg 1 1950 470 2065 1820
/home/ahmed/Desktop/pos/20160326_114621_025.jpg 1 1956 406 2096 1913
/home/ahmed/Desktop/pos/20160326_114621_026.jpg 1 1962 424 2205 1878
/home/ahmed/Desktop/pos/20160326_114621_027.jpg 1 2035 453 2011 1819
/home/ahmed/Desktop/pos/20160326_114621_028.jpg 1 1998 476 2035 1855
/home/ahmed/Desktop/pos/20160326_114621_029.jpg 1 2077 476 1896 1884
/home/ahmed/Desktop/pos/20160326_114621_030.jpg 1 1962 476 1944 1884
/home/ahmed/Desktop/pos/20160326_114627_001.jpg 1 2071 871 2023 1861
/home/ahmed/Desktop/pos/20160326_114627_002.jpg 1 2053 854 2029 1849
/home/ahmed/Desktop/pos/20160326_114627_003.jpg 1 2029 784 2029 1924
/home/ahmed/Desktop/pos/20160326_114627_004.jpg 1 2065 808 1993 1930
/home/ahmed/Desktop/pos/20160326_114627_005.jpg 1 1980 802 2108 1988
/home/ahmed/Desktop/pos/20160326_114627_006.jpg 1 1992 738 2084 2040
/home/ahmed/Desktop/pos/20160326_114627_007.jpg 1 1926 802 2114 2023
/home/ahmed/Desktop/pos/20160326_114627_008.jpg 1 1883 755 2169 2012
/home/ahmed/Desktop/pos/20160326_114627_011.jpg 1 1774 656 2157 2070
/home/ahmed/Desktop/pos/20160326_114627_025.jpg 1 708 755 2496 2227
/home/ahmed/Desktop/pos/20160326_114627_026.jpg 1 781 732 2392 2244
/home/ahmed/Desktop/pos/20160326_114627_027.jpg 1 847 744 2363 2220
/home/ahmed/Desktop/pos/20160326_114627_029.jpg 1 1187 575 2198 2378
/home/ahmed/Desktop/pos/20160326_114627_030.jpg 1 1114 546 2277 2360
/home/ahmed/Desktop/pos/20160326_114635_001.jpg 1 448 186 3658 2790
/home/ahmed/Desktop/pos/20160326_114635_002.jpg 1 490 203 3543 2779
/home/ahmed/Desktop/pos/20160326_114635_003.jpg 1 508 261 3610 2721
/home/ahmed/Desktop/pos/20160326_114635_004.jpg 1 545 232 3604 2744
/home/ahmed/Desktop/pos/20160326_114635_005.jpg 1 599 215 3604 2761
/home/ahmed/Desktop/pos/20160326_114635_006.jpg 1 666 186 3573 2796
/home/ahmed/Desktop/pos/20160326_114635_007.jpg 1 714 139 3538 2837
/home/ahmed/Desktop/pos/20160326_114635_008.jpg 1 745 186 3482 2790
/home/ahmed/Desktop/pos/20160326_114635_009.jpg 1 763 232 3458 2744
/home/ahmed/Desktop/pos/20160326_114635_010.jpg 1 763 261 3470 2709
/home/ahmed/Desktop/pos/20160326_114635_011.jpg 1 805 284 3422 2692
/home/ahmed/Desktop/pos/20160326_114635_012.jpg 1 769 331 3416 2639
/home/ahmed/Desktop/pos/20160326_114635_018.jpg 1 799 162 3501 2820
/home/ahmed/Desktop/pos/20160326_114635_022.jpg 1 999 110 3319 2854
/home/ahmed/Desktop/pos/20160326_114635_023.jpg 1 1096 5 3210 2878
/home/ahmed/Desktop/pos/20160326_114635_024.jpg 1 1102 5 3234 2796
/home/ahmed/Desktop/pos/20160326_114635_025.jpg 1 1211 17 3222 2773
/home/ahmed/Desktop/pos/20160326_114635_026.jpg 1 1187 11 3228 2732
/home/ahmed/Desktop/pos/20160326_114635_027.jpg 1 1235 29 3186 2709
/home/ahmed/Desktop/pos/20160326_114635_028.jpg 1 1223 17 3162 2657
/home/ahmed/Desktop/pos/20160326_114635_029.jpg 1 1211 0 3198 2627
/home/ahmed/Desktop/pos/20160326_114635_030.jpg 1 1211 5 3095 2634
/home/ahmed/Desktop/pos/20160326_114640_001.jpg 1 1066 63 3149 2814
/home/ahmed/Desktop/pos/20160326_114640_002.jpg 1 1241 209 3120 2581
/home/ahmed/Desktop/pos/20160326_114640_003.jpg 1 1084 139 3204 2779
/home/ahmed/Desktop/pos/20160326_114640_004.jpg 1 1102 151 3174 2755
/home/ahmed/Desktop/pos/20160326_114640_005.jpg 1 1144 110 3071 2784
/home/ahmed/Desktop/pos/20160326_114640_006.jpg 1 1156 93 3102 2807
/home/ahmed/Desktop/pos/20160326_114640_007.jpg 1 1059 34 3211 2820
/home/ahmed/Desktop/pos/20160326_114640_008.jpg 1 1108 52 3137 2808
/home/ahmed/Desktop/pos/20160326_114640_009.jpg 1 1229 87 3016 2796
/home/ahmed/Desktop/pos/20160326_114640_011.jpg 1 1374 40 3029 2878
/home/ahmed/Desktop/pos/20160326_114640_018.jpg 1 975 29 3198 2790
/home/ahmed/Desktop/pos/20160326_114640_020.jpg 1 1235 11 2980 2715
/home/ahmed/Desktop/pos/20160326_114640_021.jpg 1 1199 0 2998 2604
/home/ahmed/Desktop/pos/20160326_114640_022.jpg 1 1490 11 2707 2587
/home/ahmed/Desktop/pos/20160326_114640_023.jpg 1 1665 17 2587 2604
/home/ahmed/Desktop/pos/20160326_114640_024.jpg 1 1702 5 2556 2587
/home/ahmed/Desktop/pos/20160326_114640_025.jpg 1 1677 23 2593 2435
/home/ahmed/Desktop/pos/20160326_114640_026.jpg 1 1732 29 2501 2441
/home/ahmed/Desktop/pos/20160326_114640_027.jpg 1 1671 17 2490 2529
/home/ahmed/Desktop/pos/20160326_114640_028.jpg 1 1623 17 2562 2424
/home/ahmed/Desktop/pos/20160326_114640_029.jpg 1 1592 23 2605 2354
/home/ahmed/Desktop/pos/20160326_114640_030.jpg 1 1550 23 2677 2290
/home/ahmed/Desktop/pos/20160326_114647_001.jpg 1 932 639 3362 2331
/home/ahmed/Desktop/pos/20160326_114647_002.jpg 1 1017 627 3319 2343
/home/ahmed/Desktop/pos/20160326_114647_003.jpg 1 981 569 3337 2395
/home/ahmed/Desktop/pos/20160326_114647_004.jpg 1 1023 622 3319 2348
/home/ahmed/Desktop/pos/20160326_114647_005.jpg 1 835 703 3532 2267
/home/ahmed/Desktop/pos/20160326_114647_007.jpg 1 1126 598 3271 2378
/home/ahmed/Desktop/pos/20160326_114647_016.jpg 1 932 249 3519 2721
/home/ahmed/Desktop/pos/20160326_114647_017.jpg 1 902 290 3483 2674
/home/ahmed/Desktop/pos/20160326_114647_018.jpg 1 902 244 3507 2726
/home/ahmed/Desktop/pos/20160326_114647_019.jpg 1 751 133 3652 2843
/home/ahmed/Desktop/pos/20160326_114647_021.jpg 1 811 220 3543 2738
/home/ahmed/Desktop/pos/20160326_114647_023.jpg 1 533 267 3646 2709
/home/ahmed/Desktop/pos/20160326_114647_024.jpg 1 569 238 3640 2738
/home/ahmed/Desktop/pos/20160326_114647_025.jpg 1 508 168 3719 2814
/home/ahmed/Desktop/pos/20160326_114647_026.jpg 1 533 40 3700 2895
/home/ahmed/Desktop/pos/20160326_114647_027.jpg 1 829 23 3513 2901
/home/ahmed/Desktop/pos/20160326_114647_028.jpg 1 914 23 3513 2947